AT
  1.749678392522  -0.626453463298   0.609167001847  -0.160051640988   0.712729276450  -0.811883709437  -0.357102626236  -0.875196538135  -0.637318195628   0.489084158712   1.285734115299  -0.793431416339   0.024141094249   0.000384948575   0.018072951971   0.011576250983  -0.051696613699  -0.008939899504   3.353307826163   0.730984037852   0.861025822523  -0.689886827170   0.359918932774   1.927702425130   0.121604867236  -0.445651157179   0.355035980576  -0.325023211100   0.371087102608   1.683478685437   1.883716785622   0.016592461994   0.423789023159  -0.233872503248   0.138029368378   0.977093859568   0.007516946082  -0.002082395820  -0.011192431176  -0.076332234954  -0.015488933508   0.005764257757 
 -0.626453463298   1.257771931771  -0.302136077588  -0.226818013583   0.267701823522  -0.048878715836   0.065900045607   0.927125906256   0.469652028156  -0.525551582169   0.017653241466   0.136800724567   0.006094456383   0.012381529452   0.005621810382  -0.013381018960   0.092551483880   0.043049376578  -3.531290698795  -0.426496308070   0.869815919424  -0.272652406685   0.041526306320  -2.004909593093  -0.049447801734   0.710290490407  -0.548772108334  -0.635820583285   0.290612932446  -1.681407063988  -1.708531167551   0.319999033361   0.366762479895  -0.340423267026   0.066719356697  -1.045779049554  -0.002082395820  -0.001848465459   0.009635678047   0.075579036227  -0.000944397497  -0.034949994927 
  0.609167001847  -0.302136077588   1.539741859536   1.750913965957  -1.169183271433   1.128544052491   0.419811416497  -0.637641673332  -1.412298304917   0.981841831364   0.496986342441   0.013981560256   0.006740551941   0.008787222514  -0.010596784311  -0.046740833537  -0.042219521957  -0.001554412773   1.412168794437   0.876596193250   2.582181217192  -1.621187530138   0.033318909690   0.704187520831  -0.119004279589   0.242172116648  -0.171823753916  -1.418721279958   0.543416975850   1.039570156387   0.926104667261   0.527142423251   1.341093852520  -0.785276254417   0.152613887299   0.394735388172  -0.011192431176   0.009635678047  -0.002981817239  -0.013393475843  -0.034855606840   0.006636662052 
 -0.160051640988  -0.226818013583   1.750913965957  16.797860716147  -1.402821102208  -6.939969688166  -7.189153179560  -2.451616514667 -11.106317586614   7.444207956233  -1.172881799752  -3.041801349766  -0.006656246773   0.014054004538  -0.057046881287  -0.481879462525  -0.249438803476   0.185814673550   7.703828105100   4.485181016197  16.662436499474  -9.363345180519  -3.462707648821   5.289026899175  -2.685088847604   0.760058335192  -0.754466074119  -9.328414803469  -2.094751327874   8.421737353929   5.116008255411   2.667604246254   8.500207556298  -5.123911028986  -0.329058113745   2.586284923968  -0.076332234954   0.075579036227  -0.013393475843   0.104734758496  -0.100075074594  -0.077103562028 
  0.712729276450   0.267701823522  -1.169183271433  -1.402821102208  18.111337633460   1.665032244692   4.957057377295   1.080921641233   3.650645559990  -2.923265371481   5.986704105938   1.257625660421   0.028436250159  -0.013812432960   0.072699221870   0.119601856914  -0.064104028522  -0.067404529489  -0.958596937716  -0.940274413565  -0.520217438552   0.897292447430  -2.771116917174   0.605141859227  -1.795861291328  -0.517389954922   0.276018830006   0.149380076492  -3.906178665590   1.640587160442  -0.762241808281  -0.314305305942  -0.088548343639   0.172437303684  -1.283811098613  -0.045207222641  -0.015488933508  -0.000944397497  -0.034855606840  -0.100075074594  -0.153432471941  -0.094058252015 
 -0.811883709437  -0.048878715836   1.128544052491  -6.939969688166   1.665032244692  12.065546135502  10.354532127623   1.602664563054   5.427669257129  -3.711242388558   1.741015083770   4.933715589610  -0.038010081206   0.015906146923  -0.016592102281   0.282110124306   0.175772129733  -0.195638597166 -12.350557657300  -2.718204267943  -8.411777354646   4.836342924177   0.481535466407  -7.635252438342   0.177091502502   1.824924380504  -1.112642855035   3.936351209109  -0.550541884531  -7.217316638664  -7.335423167443  -0.198583177088  -3.943782532801   2.469246847385  -0.355665947407  -3.691883341818   0.005764257757  -0.034949994927   0.006636662052  -0.077103562028  -0.094058252015   0.077580334325 
 -0.357102626236   0.065900045607   0.419811416497  -7.189153179560   4.957057377295  10.354532127623  33.877114886752  -0.352602530128  -2.034584227160 -11.707825862208  -0.426915898705  -2.515799607936  -0.073183588450   0.454885759472  -0.849574914812   9.685226749136  -8.103890227336 -13.755413409242  14.003077804231 -15.093680921972 -37.619376075931 -11.309523107739 -19.231418816917 -50.721456862091   0.116974160658   1.930069462229  -1.653268367136   6.842195749822  -4.632770318762 -12.246797160098 -31.770861505250   6.967061359669   5.283534562334  16.240345860564   2.083314326516   3.872641412410  -1.883716785622   1.708531167551  -0.926104667261  -5.116008255411   0.762241808281   7.335423167443 
 -0.875196538135   0.927125906256  -0.637641673332  -2.451616514667   1.080921641233   1.602664563054  -0.352602530128   6.107543357842   6.743199373275   0.847633035257   1.176859656010   4.182942174544  -0.624812597954   1.379551537118  -1.154935775670  -5.391383980518   1.876608925420   2.678170348445 -11.450291471108   1.174837247752  10.394371637202  12.002648512325   1.027506289525  -9.530348456378   0.592222754253   1.139442927331  -1.027197426533   0.777995023811  -0.961737733224  -5.951694391786  -6.967061359669  -0.779621305678  -8.048158370615  -3.945870495911   0.603619393970  -4.053880940190   0.016592461994   0.319999033361   0.527142423251   2.667604246254  -0.314305305942  -0.198583177088 
 -0.637318195628   0.469652028156  -1.412298304917 -11.106317586614   3.650645559990   5.427669257129  -2.034584227160   6.743199373275  34.478288002248   0.585022993517   3.419410513467   7.057352692139  -0.138994944361   1.720416109659  -2.004980556017 -15.002021668484   5.573776556560   7.568738232841 -27.207396555436   0.345022494938   4.365652694597  52.550022801280   0.699499762773  -0.107550116095   0.177904653771  -3.397369982620   2.570766352863  21.014004580611 -10.176181002734 -10.649023455265  -5.283534562334  -8.048158370615 -37.505736547068  -3.115323761897  -5.463863977508  -7.009096853911   0.423789023159   0.366762479895   1.341093852520   8.500207556298  -0.088548343639  -3.943782532801 
  0.489084158712  -0.525551582169   0.981841831364   7.444207956233  -2.923265371481  -3.711242388558 -11.707825862208   0.847633035257   0.585022993517  26.211053937899  -3.544573315330  -0.598056026487  -0.173970028604   1.254923394797  -1.426151161853  -9.661583628072   3.597477040618   4.435256547089   5.990948464102  14.172475303268  52.859286010563  -4.358012510745  17.702187947265  14.407890212385   1.739860305266   2.442916121446  -1.054040695656 -18.031030615903  14.000527944454  10.584735966484  16.240345860564   3.945870495911   3.115323761897 -18.485306110486   8.819939552829   2.146771170051   0.233872503248   0.340423267026   0.785276254417   5.123911028986  -0.172437303684  -2.469246847385 
  1.285734115299   0.017653241466   0.496986342441  -1.172881799752   5.986704105938   1.741015083770  -0.426915898705   1.176859656010   3.419410513467  -3.544573315330  49.742444738228   2.843465368339   1.622995544400   0.379302927692   0.525377733979  -2.581410500779   8.747846487268   2.534192012033 -14.382501274199   3.326402106446  12.974104424121  15.078830882888   3.461120579293   5.088906941631  -3.120701420857   0.919658223061  -1.904543603337  -0.054848484471  -9.025933048212  -2.737151633512  -2.083314326516   0.603619393970  -5.463863977508  -8.819939552829 -12.134713925060  -2.910475901549   0.138029368378   0.066719356697   0.152613887299  -0.329058113745  -1.283811098613  -0.355665947407 
 -0.793431416339   0.136800724567   0.013981560256  -3.041801349766   1.257625660421   4.933715589610  -2.515799607936   4.182942174544   7.057352692139  -0.598056026487   2.843465368339  25.813404389985  -0.647827298708  -0.345951920783   0.332913925561  -3.746579983677   2.369140578949   6.303314496424 -46.637658285746   0.956887486865   1.805911739862  13.548727237705   1.070341153903   0.150201987264   0.290200791886   1.386685643000  -1.140646779559   2.836109261818  -4.145667062502  -7.058798131053  -3.872641412410  -4.053880940190  -7.009096853911  -2.146771170051  -2.910475901549 -24.713539674976   0.977093859568  -1.045779049554   0.394735388172   2.586284923968  -0.045207222641  -3.691883341818 
  0.024141094249   0.006094456383   0.006740551941  -0.006656246773   0.028436250159  -0.038010081206  -0.073183588450  -0.624812597954  -0.138994944361  -0.173970028604   1.622995544400  -0.647827298708   2.396670650393  -0.263399498519   0.592082990732  -0.266864082642   1.983851868989  -1.281108441428  -1.691333996383  -0.517920213546   0.069319177232   1.713374271150   6.868207099431  -0.646379261179  -0.030516973749  -0.009704517395  -0.022885116529  -0.149100590661  -0.079642671026   0.067800594101  -0.116974160658   0.592222754253   0.177904653771  -1.739860305266  -3.120701420857   0.290200791886   0.121604867236  -0.049447801734  -0.119004279589  -2.685088847604  -1.795861291328   0.177091502502 
  0.000384948575   0.012381529452   0.008787222514   0.014054004538  -0.013812432960   0.015906146923   0.454885759472   1.379551537118   1.720416109659   1.254923394797   0.379302927692  -0.345951920783  -0.263399498519   2.374421943408  -0.628306734861  -1.670615595775   0.296469781078  -0.471714975089   5.323608285429   1.776724328230   7.956228083220   4.746197164023  -0.376841466376  -2.779402571224  -0.009704517395   0.111335710918  -0.070337769725  -0.427759234723   0.390709763555   0.257104370077  -1.930069462229   1.139442927331  -3.397369982620  -2.442916121446   0.919658223061   1.386685643000  -0.445651157179   0.710290490407   0.242172116648   0.760058335192  -0.517389954922   1.824924380504 
  0.018072951971   0.005621810382  -0.010596784311  -0.057046881287   0.072699221870  -0.016592102281  -0.849574914812  -1.154935775670  -2.004980556017  -1.426151161853   0.525377733979   0.332913925561   0.592082990732  -0.628306734861   2.530344272958   3.887968373643  -0.672371336870   1.552844255346  -5.179290213150  -1.028170807597  -5.762417704878  -2.997829661558   3.034981505195   2.443935447116  -0.022885116529  -0.070337769725   0.051393402697   0.302773452569  -0.251716458699  -0.100693258487   1.653268367136  -1.027197426533   2.570766352863   1.054040695656  -1.904543603337  -1.140646779559   0.355035980576  -0.548772108334  -0.171823753916  -0.754466074119   0.276018830006  -1.112642855035 
  0.011576250983  -0.013381018960  -0.046740833537  -0.481879462525   0.119601856914   0.282110124306   9.685226749136  -5.391383980518 -15.002021668484  -9.661583628072  -2.581410500779  -3.746579983677  -0.266864082642  -1.670615595775   3.887968373643  23.538048552467  -3.289928186325  -9.991735140944  14.240124537378 -11.620931860452 -49.687229682031 -31.309878593015 -11.263184979466  -7.838133876411  -0.149100590661  -0.427759234723   0.302773452569   2.581391301082  -0.607882950542  -0.980237061772  -6.842195749822   0.777995023811  21.014004580611  18.031030615903  -0.054848484471   2.836109261818  -0.325023211100  -0.635820583285  -1.418721279958  -9.328414803469   0.149380076492   3.936351209109 
 -0.051696613699   0.092551483880  -0.042219521957  -0.249438803476  -0.064104028522   0.175772129733  -8.103890227336   1.876608925420   5.573776556560   3.597477040618   8.747846487268   2.369140578949   1.983851868989   0.296469781078  -0.672371336870  -3.289928186325  24.743474218859   1.775911092430 -21.057849382656   6.625127959236  21.410597415532  22.269769827987  26.032857965344   7.920912784737  -0.079642671026   0.390709763555  -0.251716458699  -0.607882950542  -0.736075965867  -0.520869626549   4.632770318762  -0.961737733224 -10.176181002734 -14.000527944454  -9.025933048212  -4.145667062502   0.371087102608   0.290612932446   0.543416975850  -2.094751327874  -3.906178665590  -0.550541884531 
 -0.008939899504   0.043049376578  -0.001554412773   0.185814673550  -0.067404529489  -0.195638597166 -13.755413409242   2.678170348445   7.568738232841   4.435256547089   2.534192012033   6.303314496424  -1.281108441428  -0.471714975089   1.552844255346  -9.991735140944   1.775911092430  17.113680440570 -30.667339778923   9.317917547349  24.906497088708  16.557968429042  12.060676039753  16.473391844497   0.067800594101   0.257104370077  -0.100693258487  -0.980237061772  -0.520869626549   0.154892231122  12.246797160098  -5.951694391786 -10.649023455265 -10.584735966484  -2.737151633512  -7.058798131053   1.683478685437  -1.681407063988   1.039570156387   8.421737353929   1.640587160442  -7.217316638664 
  3.353307826163  -3.531290698795   1.412168794437   7.703828105100  -0.958596937716 -12.350557657300  14.003077804231 -11.450291471108 -27.207396555436   5.990948464102 -14.382501274199 -46.637658285746  -1.691333996383   5.323608285429  -5.179290213150  14.240124537378 -21.057849382656 -30.667339778923 129.964522219810   0.000000000000   0.000000000000 -47.404232059468   0.000000000000   0.000000000000   1.691333996383  -5.323608285429   5.179290213150 -14.240124537378  21.057849382656  30.667339778923  14.003077804231  11.450291471108  27.207396555436   5.990948464102  14.382501274199  46.637658285746  -3.353307826163   3.531290698795  -1.412168794437  -7.703828105100   0.958596937716  12.350557657300 
  0.730984037852  -0.426496308070   0.876596193250   4.485181016197  -0.940274413565  -2.718204267943 -15.093680921972   1.174837247752   0.345022494938  14.172475303268   3.326402106446   0.956887486865  -0.517920213546   1.776724328230  -1.028170807597 -11.620931860452   6.625127959236   9.317917547349   0.000000000000  19.501604588870  39.632975764322   0.000000000000   9.030645673349  18.823235662498  -0.517920213546   1.776724328230  -1.028170807597 -11.620931860452   6.625127959236   9.317917547349  15.093680921972   1.174837247752   0.345022494938 -14.172475303268   3.326402106446   0.956887486865   0.730984037852  -0.426496308070   0.876596193250   4.485181016197  -0.940274413565  -2.718204267943 
  0.861025822523   0.869815919424   2.582181217192  16.662436499474  -0.520217438552  -8.411777354646 -37.619376075931  10.394371637202   4.365652694597  52.859286010563  12.974104424121   1.805911739862   0.069319177232   7.956228083220  -5.762417704878 -49.687229682031  21.410597415532  24.906497088708   0.000000000000  39.632975764322 155.684985618065   0.000000000000  30.767275011084  33.114437581283   0.069319177232   7.956228083220  -5.762417704878 -49.687229682031  21.410597415532  24.906497088708  37.619376075931  10.394371637202   4.365652694597 -52.859286010563  12.974104424121   1.805911739862   0.861025822523   0.869815919424   2.582181217192  16.662436499474  -0.520217438552  -8.411777354646 
 -0.689886827170  -0.272652406685  -1.621187530138  -9.363345180519   0.897292447430   4.836342924177 -11.309523107739  12.002648512325  52.550022801280  -4.358012510745  15.078830882888  13.548727237705   1.713374271150   4.746197164023  -2.997829661558 -31.309878593015  22.269769827987  16.557968429042 -47.404232059468   0.000000000000   0.000000000000  79.540168104976   0.000000000000   0.000000000000  -1.713374271150  -4.746197164023   2.997829661558  31.309878593015 -22.269769827987 -16.557968429042 -11.309523107739 -12.002648512325 -52.550022801280  -4.358012510745 -15.078830882888 -13.548727237705   0.689886827170   0.272652406685   1.621187530138   9.363345180519  -0.897292447430  -4.836342924177 
  0.359918932774   0.041526306320   0.033318909690  -3.462707648821  -2.771116917174   0.481535466407 -19.231418816917   1.027506289525   0.699499762773  17.702187947265   3.461120579293   1.070341153903   6.868207099431  -0.376841466376   3.034981505195 -11.263184979466  26.032857965344  12.060676039753   0.000000000000   9.030645673349  30.767275011084   0.000000000000  67.437323371889  14.338611677379   6.868207099431  -0.376841466376   3.034981505195 -11.263184979466  26.032857965344  12.060676039753  19.231418816917   1.027506289525   0.699499762773 -17.702187947265   3.461120579293   1.070341153903   0.359918932774   0.041526306320   0.033318909690  -3.462707648821  -2.771116917174   0.481535466407 
  1.927702425130  -2.004909593093   0.704187520831   5.289026899175   0.605141859227  -7.635252438342 -50.721456862091  -9.530348456378  -0.107550116095  14.407890212385   5.088906941631   0.150201987264  -0.646379261179  -2.779402571224   2.443935447116  -7.838133876411   7.920912784737  16.473391844497   0.000000000000  18.823235662498  33.114437581283   0.000000000000  14.338611677379 112.935691511597  -0.646379261179  -2.779402571224   2.443935447116  -7.838133876411   7.920912784737  16.473391844497  50.721456862091  -9.530348456378  -0.107550116095 -14.407890212385   5.088906941631   0.150201987264   1.927702425130  -2.004909593093   0.704187520831   5.289026899175   0.605141859227  -7.635252438342 
  0.121604867236  -0.049447801734  -0.119004279589  -2.685088847604  -1.795861291328   0.177091502502   0.116974160658   0.592222754253   0.177904653771   1.739860305266  -3.120701420857   0.290200791886  -0.030516973749  -0.009704517395  -0.022885116529  -0.149100590661  -0.079642671026   0.067800594101   1.691333996383  -0.517920213546   0.069319177232  -1.713374271150   6.868207099431  -0.646379261179   2.396670650393  -0.263399498519   0.592082990732  -0.266864082642   1.983851868989  -1.281108441428   0.073183588450  -0.624812597954  -0.138994944361   0.173970028604   1.622995544400  -0.647827298708   0.024141094249   0.006094456383   0.006740551941  -0.006656246773   0.028436250159  -0.038010081206 
 -0.445651157179   0.710290490407   0.242172116648   0.760058335192  -0.517389954922   1.824924380504   1.930069462229   1.139442927331  -3.397369982620   2.442916121446   0.919658223061   1.386685643000  -0.009704517395   0.111335710918  -0.070337769725  -0.427759234723   0.390709763555   0.257104370077  -5.323608285429   1.776724328230   7.956228083220  -4.746197164023  -0.376841466376  -2.779402571224  -0.263399498519   2.374421943408  -0.628306734861  -1.670615595775   0.296469781078  -0.471714975089  -0.454885759472   1.379551537118   1.720416109659  -1.254923394797   0.379302927692  -0.345951920783   0.000384948575   0.012381529452   0.008787222514   0.014054004538  -0.013812432960   0.015906146923 
  0.355035980576  -0.548772108334  -0.171823753916  -0.754466074119   0.276018830006  -1.112642855035  -1.653268367136  -1.027197426533   2.570766352863  -1.054040695656  -1.904543603337  -1.140646779559  -0.022885116529  -0.070337769725   0.051393402697   0.302773452569  -0.251716458699  -0.100693258487   5.179290213150  -1.028170807597  -5.762417704878   2.997829661558   3.034981505195   2.443935447116   0.592082990732  -0.628306734861   2.530344272958   3.887968373643  -0.672371336870   1.552844255346   0.849574914812  -1.154935775670  -2.004980556017   1.426151161853   0.525377733979   0.332913925561   0.018072951971   0.005621810382  -0.010596784311  -0.057046881287   0.072699221870  -0.016592102281 
 -0.325023211100  -0.635820583285  -1.418721279958  -9.328414803469   0.149380076492   3.936351209109   6.842195749822   0.777995023811  21.014004580611 -18.031030615903  -0.054848484471   2.836109261818  -0.149100590661  -0.427759234723   0.302773452569   2.581391301082  -0.607882950542  -0.980237061772 -14.240124537378 -11.620931860452 -49.687229682031  31.309878593015 -11.263184979466  -7.838133876411  -0.266864082642  -1.670615595775   3.887968373643  23.538048552467  -3.289928186325  -9.991735140944  -9.685226749136  -5.391383980518 -15.002021668484   9.661583628072  -2.581410500779  -3.746579983677   0.011576250983  -0.013381018960  -0.046740833537  -0.481879462525   0.119601856914   0.282110124306 
  0.371087102608   0.290612932446   0.543416975850  -2.094751327874  -3.906178665590  -0.550541884531  -4.632770318762  -0.961737733224 -10.176181002734  14.000527944454  -9.025933048212  -4.145667062502  -0.079642671026   0.390709763555  -0.251716458699  -0.607882950542  -0.736075965867  -0.520869626549  21.057849382656   6.625127959236  21.410597415532 -22.269769827987  26.032857965344   7.920912784737   1.983851868989   0.296469781078  -0.672371336870  -3.289928186325  24.743474218859   1.775911092430   8.103890227336   1.876608925420   5.573776556560  -3.597477040618   8.747846487268   2.369140578949  -0.051696613699   0.092551483880  -0.042219521957  -0.249438803476  -0.064104028522   0.175772129733 
  1.683478685437  -1.681407063988   1.039570156387   8.421737353929   1.640587160442  -7.217316638664 -12.246797160098  -5.951694391786 -10.649023455265  10.584735966484  -2.737151633512  -7.058798131053   0.067800594101   0.257104370077  -0.100693258487  -0.980237061772  -0.520869626549   0.154892231122  30.667339778923   9.317917547349  24.906497088708 -16.557968429042  12.060676039753  16.473391844497  -1.281108441428  -0.471714975089   1.552844255346  -9.991735140944   1.775911092430  17.113680440570  13.755413409242   2.678170348445   7.568738232841  -4.435256547089   2.534192012033   6.303314496424  -0.008939899504   0.043049376578  -0.001554412773   0.185814673550  -0.067404529489  -0.195638597166 
  1.883716785622  -1.708531167551   0.926104667261   5.116008255411  -0.762241808281  -7.335423167443 -31.770861505250  -6.967061359669  -5.283534562334  16.240345860564  -2.083314326516  -3.872641412410  -0.116974160658  -1.930069462229   1.653268367136  -6.842195749822   4.632770318762  12.246797160098  14.003077804231  15.093680921972  37.619376075931 -11.309523107739  19.231418816917  50.721456862091   0.073183588450  -0.454885759472   0.849574914812  -9.685226749136   8.103890227336  13.755413409242  33.877114886752   0.352602530128   2.034584227160 -11.707825862208   0.426915898705   2.515799607936   0.357102626236  -0.065900045607  -0.419811416497   7.189153179560  -4.957057377295 -10.354532127623 
  0.016592461994   0.319999033361   0.527142423251   2.667604246254  -0.314305305942  -0.198583177088   6.967061359669  -0.779621305678  -8.048158370615   3.945870495911   0.603619393970  -4.053880940190   0.592222754253   1.139442927331  -1.027197426533   0.777995023811  -0.961737733224  -5.951694391786  11.450291471108   1.174837247752  10.394371637202 -12.002648512325   1.027506289525  -9.530348456378  -0.624812597954   1.379551537118  -1.154935775670  -5.391383980518   1.876608925420   2.678170348445   0.352602530128   6.107543357842   6.743199373275  -0.847633035257   1.176859656010   4.182942174544  -0.875196538135   0.927125906256  -0.637641673332  -2.451616514667   1.080921641233   1.602664563054 
  0.423789023159   0.366762479895   1.341093852520   8.500207556298  -0.088548343639  -3.943782532801   5.283534562334  -8.048158370615 -37.505736547068   3.115323761897  -5.463863977508  -7.009096853911   0.177904653771  -3.397369982620   2.570766352863  21.014004580611 -10.176181002734 -10.649023455265  27.207396555436   0.345022494938   4.365652694597 -52.550022801280   0.699499762773  -0.107550116095  -0.138994944361   1.720416109659  -2.004980556017 -15.002021668484   5.573776556560   7.568738232841   2.034584227160   6.743199373275  34.478288002248  -0.585022993517   3.419410513467   7.057352692139  -0.637318195628   0.469652028156  -1.412298304917 -11.106317586614   3.650645559990   5.427669257129 
 -0.233872503248  -0.340423267026  -0.785276254417  -5.123911028986   0.172437303684   2.469246847385  16.240345860564  -3.945870495911  -3.115323761897 -18.485306110486  -8.819939552829  -2.146771170051  -1.739860305266  -2.442916121446   1.054040695656  18.031030615903 -14.000527944454 -10.584735966484   5.990948464102 -14.172475303268 -52.859286010563  -4.358012510745 -17.702187947265 -14.407890212385   0.173970028604  -1.254923394797   1.426151161853   9.661583628072  -3.597477040618  -4.435256547089 -11.707825862208  -0.847633035257  -0.585022993517  26.211053937899   3.544573315330   0.598056026487  -0.489084158712   0.525551582169  -0.981841831364  -7.444207956233   2.923265371481   3.711242388558 
  0.138029368378   0.066719356697   0.152613887299  -0.329058113745  -1.283811098613  -0.355665947407   2.083314326516   0.603619393970  -5.463863977508   8.819939552829 -12.134713925060  -2.910475901549  -3.120701420857   0.919658223061  -1.904543603337  -0.054848484471  -9.025933048212  -2.737151633512  14.382501274199   3.326402106446  12.974104424121 -15.078830882888   3.461120579293   5.088906941631   1.622995544400   0.379302927692   0.525377733979  -2.581410500779   8.747846487268   2.534192012033   0.426915898705   1.176859656010   3.419410513467   3.544573315330  49.742444738228   2.843465368339   1.285734115299   0.017653241466   0.496986342441  -1.172881799752   5.986704105938   1.741015083770 
  0.977093859568  -1.045779049554   0.394735388172   2.586284923968  -0.045207222641  -3.691883341818   3.872641412410  -4.053880940190  -7.009096853911   2.146771170051  -2.910475901549 -24.713539674976   0.290200791886   1.386685643000  -1.140646779559   2.836109261818  -4.145667062502  -7.058798131053  46.637658285746   0.956887486865   1.805911739862 -13.548727237705   1.070341153903   0.150201987264  -0.647827298708  -0.345951920783   0.332913925561  -3.746579983677   2.369140578949   6.303314496424   2.515799607936   4.182942174544   7.057352692139   0.598056026487   2.843465368339  25.813404389985  -0.793431416339   0.136800724567   0.013981560256  -3.041801349766   1.257625660421   4.933715589610 
  0.007516946082  -0.002082395820  -0.011192431176  -0.076332234954  -0.015488933508   0.005764257757  -1.883716785622   0.016592461994   0.423789023159   0.233872503248   0.138029368378   0.977093859568   0.121604867236  -0.445651157179   0.355035980576  -0.325023211100   0.371087102608   1.683478685437  -3.353307826163   0.730984037852   0.861025822523   0.689886827170   0.359918932774   1.927702425130   0.024141094249   0.000384948575   0.018072951971   0.011576250983  -0.051696613699  -0.008939899504   0.357102626236  -0.875196538135  -0.637318195628  -0.489084158712   1.285734115299  -0.793431416339   1.749678392522  -0.626453463298   0.609167001847  -0.160051640988   0.712729276450  -0.811883709437 
 -0.002082395820  -0.001848465459   0.009635678047   0.075579036227  -0.000944397497  -0.034949994927   1.708531167551   0.319999033361   0.366762479895   0.340423267026   0.066719356697  -1.045779049554  -0.049447801734   0.710290490407  -0.548772108334  -0.635820583285   0.290612932446  -1.681407063988   3.531290698795  -0.426496308070   0.869815919424   0.272652406685   0.041526306320  -2.004909593093   0.006094456383   0.012381529452   0.005621810382  -0.013381018960   0.092551483880   0.043049376578  -0.065900045607   0.927125906256   0.469652028156   0.525551582169   0.017653241466   0.136800724567  -0.626453463298   1.257771931771  -0.302136077588  -0.226818013583   0.267701823522  -0.048878715836 
 -0.011192431176   0.009635678047  -0.002981817239  -0.013393475843  -0.034855606840   0.006636662052  -0.926104667261   0.527142423251   1.341093852520   0.785276254417   0.152613887299   0.394735388172  -0.119004279589   0.242172116648  -0.171823753916  -1.418721279958   0.543416975850   1.039570156387  -1.412168794437   0.876596193250   2.582181217192   1.621187530138   0.033318909690   0.704187520831   0.006740551941   0.008787222514  -0.010596784311  -0.046740833537  -0.042219521957  -0.001554412773  -0.419811416497  -0.637641673332  -1.412298304917  -0.981841831364   0.496986342441   0.013981560256   0.609167001847  -0.302136077588   1.539741859536   1.750913965957  -1.169183271433   1.128544052491 
 -0.076332234954   0.075579036227  -0.013393475843   0.104734758496  -0.100075074594  -0.077103562028  -5.116008255411   2.667604246254   8.500207556298   5.123911028986  -0.329058113745   2.586284923968  -2.685088847604   0.760058335192  -0.754466074119  -9.328414803469  -2.094751327874   8.421737353929  -7.703828105100   4.485181016197  16.662436499474   9.363345180519  -3.462707648821   5.289026899175  -0.006656246773   0.014054004538  -0.057046881287  -0.481879462525  -0.249438803476   0.185814673550   7.189153179560  -2.451616514667 -11.106317586614  -7.444207956233  -1.172881799752  -3.041801349766  -0.160051640988  -0.226818013583   1.750913965957  16.797860716147  -1.402821102208  -6.939969688166 
 -0.015488933508  -0.000944397497  -0.034855606840  -0.100075074594  -0.153432471941  -0.094058252015   0.762241808281  -0.314305305942  -0.088548343639  -0.172437303684  -1.283811098613  -0.045207222641  -1.795861291328  -0.517389954922   0.276018830006   0.149380076492  -3.906178665590   1.640587160442   0.958596937716  -0.940274413565  -0.520217438552  -0.897292447430  -2.771116917174   0.605141859227   0.028436250159  -0.013812432960   0.072699221870   0.119601856914  -0.064104028522  -0.067404529489  -4.957057377295   1.080921641233   3.650645559990   2.923265371481   5.986704105938   1.257625660421   0.712729276450   0.267701823522  -1.169183271433  -1.402821102208  18.111337633460   1.665032244692 
  0.005764257757  -0.034949994927   0.006636662052  -0.077103562028  -0.094058252015   0.077580334325   7.335423167443  -0.198583177088  -3.943782532801  -2.469246847385  -0.355665947407  -3.691883341818   0.177091502502   1.824924380504  -1.112642855035   3.936351209109  -0.550541884531  -7.217316638664  12.350557657300  -2.718204267943  -8.411777354646  -4.836342924177   0.481535466407  -7.635252438342  -0.038010081206   0.015906146923  -0.016592102281   0.282110124306   0.175772129733  -0.195638597166 -10.354532127623   1.602664563054   5.427669257129   3.711242388558   1.741015083770   4.933715589610  -0.811883709437  -0.048878715836   1.128544052491  -6.939969688166   1.665032244692  12.065546135502 

  9.090215310823  -0.576400474490  -7.353716976664 -54.966484927185 165.469974504257  19.852775668807 -73.996669849668   3.404705447737 -12.089499787884  51.573257324169 104.249470524379  11.184361610228  22.351961665689   0.727430011515  -7.684345943317 -88.099585909259 247.361944793196  43.289527673865   0.000000000000 266.660344645203 901.450627555167   0.000000000000 538.267583325279 651.519985825084  22.351961665689   0.727430011515  -7.684345943317 -88.099585909259 247.361944793196  43.289527673865  73.996669849668   3.404705447737 -12.089499787884 -51.573257324169 104.249470524379  11.184361610228   9.090215310823  -0.576400474490  -7.353716976664 -54.966484927185 165.469974504257  19.852775668807 

GC
  1.715160831478  -0.665054989829   0.491337092631  -0.014079173116   0.987843689092  -0.693246744775  -0.015786815316  -0.720947648386  -0.851016729073   0.367794887203   1.599701854799  -0.685184132634   0.026741868370  -0.014313076108   0.027130767173   0.066511015109  -0.152047013906  -0.070573629928   2.671178838708   0.337547413323   0.914341959432  -0.955879099835  -0.167788617635   1.339850379569   0.131735316512  -0.206344949133   0.151416852900  -0.602940659082   0.173195069698   1.126879265342   1.264542565019   0.035652428804   0.725188617222  -0.268385962677  -0.112052076135   0.792999995027  -0.017836046657   0.007834053319  -0.024344180984  -0.052450601934   0.025376645111   0.027930617058 
 -0.665054989829   1.514848782221  -0.154814226714  -0.326691063423  -0.193095063232   0.135565243921  -0.232410399051   0.903219384621   0.923089841403  -0.678163462904  -0.255498028309   0.104310957472   0.004146929104   0.014095952892   0.005853425165  -0.053911687597   0.137017039509   0.094548512467  -2.840856883406  -0.283091252815   0.275320389286   0.232235781365   0.409088550951  -1.635524174343  -0.168085627559   0.324824853600  -0.287392509830  -0.190952116339   0.178057849869  -0.976758753652  -1.212893366226   0.190564595088  -0.095920429619  -0.111281917600   0.172066273775  -0.867086772178   0.007834053319   0.001101464771   0.002764212789   0.034670691671  -0.025728632131  -0.073407771435 
  0.491337092631  -0.154814226714   1.637132145192   2.044926729306  -0.771872791876   1.637536066689   0.760413003675  -0.629231947072  -1.194487264216   0.732947942778   0.674480172112   0.209474943625  -0.001460154718  -0.004774528338   0.015448606492   0.049898116436  -0.117587079568  -0.025950058828   1.081547889216   0.404856689574   1.409968751051  -1.045468406256  -0.213452911655   0.304759405538  -0.275299702588   0.049930773008  -0.100845585390  -0.983486505490  -0.038852003128   1.066519477924   0.554974380355   0.279163359454   0.915441342859  -0.418126080639  -0.070449799543   0.293490403369  -0.024344180984   0.002764212789  -0.018300046549  -0.014707989810  -0.019139198095   0.022743823185 
 -0.014079173116  -0.326691063423   2.044926729306  14.035338926084  -3.212012021854  -5.200342575755  -6.633656657392  -3.159233087225  -8.348182557274   5.762329790468  -1.544061029101  -2.662507513609  -0.028429886019   0.003457257785  -0.034209807581  -0.153857199989   0.173259546673   0.162192436313   7.997495175629   3.153073598616   9.845616670191  -4.989614587015  -2.832967221510   5.703871893268  -2.378183729827  -0.192633780181  -0.028705652363  -5.715547406691  -2.009382002949   7.414416857685   4.808001466686   1.174997179337   4.819315790179  -2.878660314952  -0.600575424225   2.529026454050  -0.052450601934   0.034670691671  -0.014707989810   0.046036899682  -0.109117761617  -0.031840024416 
  0.987843689092  -0.193095063232  -0.771872791876  -3.212012021854  13.044069292411   0.925256118379   3.931301925216   0.515578838597   3.389148940517  -2.436406856010   4.455610687521   0.280479532709   0.041488575267  -0.021812610025   0.041101614873   0.310467396688  -0.022690304888  -0.154423144356   0.778144869642  -0.368110357491  -2.095600755207   1.046990428141  -0.450554032266   1.213263775980  -0.697472106882  -0.523119608838   0.535331957452   1.124198152699  -1.286902618181   0.973512634167   0.277348490279  -0.284063396258  -0.823724274141   0.854525288730  -0.027557523976   0.275426624873   0.025376645111  -0.025728632131  -0.019139198095  -0.109117761617  -0.004082956466   0.005307501520 
 -0.693246744775   0.135565243921   1.637536066689  -5.200342575755   0.925256118379  10.939156443424   9.229919093255   1.479551969415   4.264134664218  -2.909839258444   1.107555646408   4.084659857975  -0.061820205282   0.006833610905   0.033461889853   0.364856194837  -0.383015492736  -0.194688032559  -9.935578487602  -2.194090271553  -8.199311775457   3.769883606858   1.519386286846  -7.367555282756  -0.313419797536   1.002733196224  -0.572373018335   4.122423116525  -0.320125807710  -4.742363738359  -6.064346439015  -0.008495118341  -3.482734536817   2.508745378857   0.391350445529  -2.844508070457   0.027930617058  -0.073407771435   0.022743823185  -0.031840024416   0.005307501520   0.164110943382 
 -0.015786815316  -0.232410399051   0.760413003675  -6.633656657392   3.931301925216   9.229919093255  31.371866436574   0.495235071438  -2.037272293215 -10.195926532974  -2.016523861048  -2.683928661607  -0.477751823482  -0.017136758977  -0.246372470611  10.034882747604  -7.528293212998 -12.530145170386  10.196051227009 -14.603945554044 -37.361068313009  -9.008717323647 -15.821222967939 -50.375060111682   0.005948323819   1.020575494958  -0.905337603988   8.535315044588  -3.031541377932 -12.061950636703 -29.871842668951   6.667588983644   4.187207538861  16.100425774099   2.314675254970   2.602095372812  -1.264542565019   1.212893366226  -0.554974380355  -4.808001466686  -0.277348490279   6.064346439015 
 -0.720947648386   0.903219384621  -0.629231947072  -3.159233087225   0.515578838597   1.479551969415   0.495235071438   5.173384278297   4.675274567201  -0.277489067259  -0.363771025363   4.748546087560  -0.619700646066   0.585439215004  -0.452717046380  -2.721679134897   1.312145874508   1.556111038579 -11.915467346839  -1.740440170444   5.113677762245   6.570097766340   1.263152976165  -9.973837006522   0.680372958218   0.801783963939  -0.654036854391   0.690359739041   0.474019063255  -5.536545997273  -6.667588983644  -0.309443500947  -4.837314833792  -1.932522912839   1.440620884428  -5.714968693271   0.035652428804   0.190564595088   0.279163359454   1.174997179337  -0.284063396258  -0.008495118341 
 -0.851016729073   0.923089841403  -1.194487264216  -8.348182557274   3.389148940517   4.264134664218  -2.037272293215   4.675274567201  33.708702193725   1.564385432251  -5.952713436892   7.011932299866  -0.012837138759   0.441002646731  -0.839224409994 -12.376742604712   5.570613018451   6.549321720516 -26.878341875092   0.012385484454   1.051861150971  41.803999315686   0.993015630266   0.146326050581   0.077744996774  -1.540607693018   1.306390857600  18.525933690493 -10.243755756594  -9.217768887359  -4.187207538861  -4.837314833792 -31.237573019396  -2.414298946754  -4.104510261792  -7.302557752152   0.725188617222  -0.095920429619   0.915441342859   4.819315790179  -0.823724274141  -3.482734536817 
  0.367794887203  -0.678163462904   0.732947942778   5.762329790468  -2.436406856010  -2.909839258444 -10.195926532974  -0.277489067259   1.564385432251  20.878142327710  -7.256431152924  -0.915898568960  -0.212178900655   0.381368596098  -0.558647154861  -7.156344591400   3.550221305961   3.745693352785   4.980234529472   7.664258733343  41.502916618675  -5.100450464802  17.961874643347  15.435040378135   1.960005626060   1.163409324489  -0.332971381357 -15.431698145267  15.403501902816   9.800480057390  16.100425774099   1.932522912839   2.414298946754 -13.697156696647  10.128173761897   1.426728849732   0.268385962677   0.111281917600   0.418126080639   2.878660314952  -0.854525288730  -2.508745378857 
  1.599701854799  -0.255498028309   0.674480172112  -1.544061029101   4.455610687521   1.107555646408  -2.016523861048  -0.363771025363  -5.952713436892  -7.256431152924  70.524839501519   0.766498622990   1.491862707964   0.151130026700   0.191501549901  -3.118472591295   7.800424561894   2.414753122439  -7.044797381125   1.956602209936  13.268637275088  12.756598019652   2.729786721302   5.376227454126  -3.219287937566   0.685518838843  -1.091154369969  -0.189576032300  -9.634243699745  -2.266313785554  -2.314675254970   1.440620884428  -4.104510261792 -10.128173761897 -14.441175055740  -0.112784933243  -0.112052076135   0.172066273775  -0.070449799543  -0.600575424225  -0.027557523976   0.391350445529 
 -0.685184132634   0.104310957472   0.209474943625  -2.662507513609   0.280479532709   4.084659857975  -2.683928661607   4.748546087560   7.011932299866  -0.915898568960   0.766498622990  23.113498450356  -0.498262528389  -0.023418626384   0.000749083768  -3.479934852709   1.464458977930   5.308092581449 -40.218167521806   1.094358720029   0.694590416567  12.544230496375   0.110627387014  -0.483217769062   0.306572816596   0.463140627895  -0.403548832273   3.765248533442  -2.757185591056  -5.868945042616  -2.602095372812  -5.714968693271  -7.302557752152  -1.426728849732  -0.112784933243 -22.119978105935   0.792999995027  -0.867086772178   0.293490403369   2.529026454050   0.275426624873  -2.844508070457 
