AT
  1.744534043433  -0.625444610464   0.620837670414  -0.191846896697   0.752176366452  -0.679696800979  -0.221998793242  -0.833340845336  -0.570815298605   0.457707281436   1.282607997313  -0.763326958458   0.022628803850   0.000810129070   0.018389582068   0.021776022660  -0.034326997522  -0.007944214998   3.217480530207   0.674246424135   0.779033490560  -0.634474953753   0.364037438353   1.866029024663   0.132080323705  -0.425714765997   0.340549640714  -0.291097711273   0.329124479766   1.552630130726   1.783067771528  -0.006818675611   0.378763865049  -0.227041578972   0.145987866741   0.983167262729   0.014487651413  -0.005659492625  -0.006831084869  -0.072154352337  -0.019368711503   0.002755768057 
 -0.625444610464   1.219184850980  -0.281357711154  -0.271328444355   0.270318087523   0.027663367248   0.097558085722   0.893390060457   0.470075739468  -0.508780733236   0.037823173492   0.169459230315   0.002039500859   0.014754814522   0.003004745738  -0.014774645336   0.080484652171   0.038393989150  -3.371197862724  -0.370984645162   0.899175267701  -0.336736276648   0.056792366521  -1.947956859683  -0.051727911817   0.688192682634  -0.535309077759  -0.666465516265   0.302720783264  -1.590752113435  -1.630926750788   0.335456533408   0.400212477619  -0.336392967643   0.077265287758  -1.006517086475  -0.005659492625   0.000540333843   0.006065826984   0.068090105399   0.001504566313  -0.032412974976 
  0.620837670414  -0.281357711154   1.555754970431   1.822881485682  -1.098360493542   1.097144189621   0.420854106174  -0.616120254182  -1.420160196088   0.993305084635   0.507534229856  -0.021882930362   0.008558090534   0.009557082083  -0.008916569143  -0.040659404512  -0.027508302607   0.002857176448   1.317920630017   0.885187956206   2.594377452026  -1.634823168728   0.082146158876   0.674807257581  -0.115714508038   0.263070348520  -0.190155364622  -1.456278967707   0.531368218000   0.978524165484   0.876691993878   0.528681836163   1.347447883029  -0.807956379654   0.184941853360   0.381410343662  -0.006831084869   0.006065826984   0.000363834752  -0.009410067840  -0.037881208641   0.005176213209 
 -0.191846896697  -0.271328444355   1.822881485682  16.617212060323  -1.528934805728  -6.657991044102  -6.951531915450  -2.481009719128 -11.233195028034   7.447745072345  -1.456752339265  -2.940871710829  -0.010927577905   0.021847366823  -0.060665976869  -0.407620697600  -0.226350006424   0.130198148871   7.372564391515   4.444939215964  16.346754540021  -9.445409117645  -3.238469352633   5.112608156747  -2.641852183713   0.785236514206  -0.800303666264  -9.229242452945  -1.992092549998   8.140156052847   4.911883978610   2.698458854917   8.532459485287  -5.086944650556  -0.135972577947   2.467501695872  -0.072154352337   0.068090105399  -0.009410067840   0.087422574218  -0.101091784686  -0.049621334392 
  0.752176366452   0.270318087523  -1.098360493542  -1.528934805728  18.110039643928   1.468701780666   4.793382929607   1.023272129377   3.569800052289  -2.794991731062   6.111963784932   1.213258562635   0.030919118960  -0.008674586955   0.073907334345   0.117664906256  -0.045029290949  -0.054889800712  -0.221242635119  -0.546885352508   0.082647195667   0.570528403574  -2.815737489941   0.579784875171  -1.899446855657  -0.580004844887   0.314441939324  -0.051883210212  -3.734368873813   2.253418719051  -0.402253367223  -0.188817380110   0.207938025832   0.002170604553  -1.274102198583   0.147128331039  -0.019368711503   0.001504566313  -0.037881208641  -0.101091784686  -0.187879703413  -0.109424282538 
 -0.679696800979   0.027663367248   1.097144189621  -6.657991044102   1.468701780666  11.237195727916   9.614857275268   1.553163788035   5.289118385300  -3.535002435132   1.880902151410   4.576433869744  -0.021506097163   0.012474400423  -0.009635969992   0.214275305037   0.185892576396  -0.134100205236 -11.700128192014  -2.328051998478  -7.843482133734   4.726821472069   0.585303149492  -7.449345030962   0.177650753122   1.755087979808  -1.052029966203   3.728588710336  -0.392317443635  -6.703492141336  -6.915834881543  -0.158292377725  -3.868190409815   2.325649147279  -0.386765039699  -3.542684623707   0.002755768057  -0.032412974976   0.005176213209  -0.049621334392  -0.109424282538   0.044689293332 
 -0.221998793242   0.097558085722   0.420854106174  -6.951531915450   4.793382929607   9.614857275268  32.795724445124  -0.025084982276  -2.035986217437 -11.354513133405  -0.143358171623  -2.411388743027  -0.142233794378   0.343996343245  -0.761306456570   9.406257661610  -7.668917125936 -12.746756186400  13.754787853089 -12.797630846469 -35.754412371068 -11.048991709566 -18.825876681650 -51.216579813772   0.024853724313   1.800058437516  -1.529916811308   6.222835146300  -4.712558959536 -10.795061338442 -30.754436799615   6.814504655220   5.167057949532  15.642248010016   2.353386438241   4.127954588180  -1.783067771528   1.630926750788  -0.876691993878  -4.911883978610   0.402253367223   6.915834881543 
 -0.833340845336   0.893390060457  -0.616120254182  -2.481009719128   1.023272129377   1.553163788035  -0.025084982276   5.986310949706   6.748208031570   0.869983815483   1.346027471302   3.270624341614  -0.601758287997   1.396371590634  -1.171079508567  -5.506324737335   1.517381792385   2.615254199732  -9.830909359575   1.685677076580  10.325358108699  12.022884776765   0.956202375523  -9.732247274349   0.539314659085   1.025448648718  -0.929511984741   0.861239775612  -0.918488451638  -5.440275358837  -6.814504655220  -0.779170599881  -8.129790499013  -3.904556231135   0.647621089050  -3.152232493059  -0.006818675611   0.335456533408   0.528681836163   2.698458854917  -0.188817380110  -0.158292377725 
 -0.570815298605   0.470075739468  -1.420160196088 -11.233195028034   3.569800052289   5.289118385300  -2.035986217437   6.748208031570  34.983084472940   0.544631023308   5.102001957545   6.998633268301  -0.124521253344   1.719131543278  -2.040068086769 -15.206090526271   5.279753908670   7.412065974231 -26.683198574829   0.283279672337   4.260304505220  52.974402599154   0.386984383421   0.063111327042   0.139775784641  -3.459613094414   2.595969075515  21.216114430272 -10.289189939148 -10.307555101196  -5.167057949532  -8.129790499013 -37.922001211899  -3.155692467945  -6.359904770557  -7.003425806840   0.378763865049   0.400212477619   1.347447883029   8.532459485287   0.207938025832  -3.868190409815 
  0.457707281436  -0.508780733236   0.993305084635   7.447745072345  -2.794991731062  -3.535002435132 -11.354513133405   0.869983815483   0.544631023308  26.302156052493  -3.777399156731  -0.582107290740  -0.211737377788   1.233111401596  -1.470092137021  -9.556536957685   3.402763378140   4.195115251331   6.006050157987  14.014060852288  51.735357569742  -4.393593484814  17.366034526181  13.861742048708   1.674858104416   2.428753839528  -1.019189530404 -17.718062223341  13.753352274197  10.144208222465  15.642248010016   3.904556231135   3.155692467945 -18.047071179179   8.979574437294   2.139599342427   0.227041578972   0.336392967643   0.807956379654   5.086944650556  -0.002170604553  -2.325649147279 
  1.282607997313   0.037823173492   0.507534229856  -1.456752339265   6.111963784932   1.880902151410  -0.143358171623   1.346027471302   5.102001957545  -3.777399156731  50.784281308571   2.842727263939   1.623489220995   0.403845420396   0.499655100288  -2.989888994172   8.537002436255   2.628878303408 -14.805869275445   3.407602764721  12.952900764443  15.744994539568   3.546300913090   4.947563375456  -3.106640890506   0.827344702669  -1.918782603681   0.323736249022  -9.187812076674  -2.924241183071  -2.353386438241   0.647621089050  -6.359904770557  -8.979574437294 -12.334201907806  -3.185477820629   0.145987866741   0.077265287758   0.184941853360  -0.135972577947  -1.274102198583  -0.386765039699 
 -0.763326958458   0.169459230315  -0.021882930362  -2.940871710829   1.213258562635   4.576433869744  -2.411388743027   3.270624341614   6.998633268301  -0.582107290740   2.842727263939  26.807457549614  -0.565664889559  -0.302138877791   0.293652500224  -3.687928587217   2.229411719317   5.865652617850 -47.033632890081   0.959523256211   1.600335413374  13.401071282080   1.286101779808  -0.182614127746   0.185997548363   1.303901725668  -1.088053644083   2.708500357580  -4.415916187418  -6.410255553024  -4.127954588180  -3.152232493059  -7.003425806840  -2.139599342427  -3.185477820629 -25.462424616058   0.983167262729  -1.006517086475   0.381410343662   2.467501695872   0.147128331039  -3.542684623707 
  0.022628803850   0.002039500859   0.008558090534  -0.010927577905   0.030919118960  -0.021506097163  -0.142233794378  -0.601758287997  -0.124521253344  -0.211737377788   1.623489220995  -0.565664889559   2.383033868029  -0.258900096849   0.600528182657  -0.204451350308   2.051880295250  -1.312969700342  -1.932028215934  -0.532547841256   0.030387114556   1.589867915778   6.774508890293  -0.456347763573  -0.029902268878  -0.008794427522  -0.023098881456  -0.149459709342  -0.104998423451   0.065030984815  -0.024853724313   0.539314659085   0.139775784641  -1.674858104416  -3.106640890506   0.185997548363   0.132080323705  -0.051727911817  -0.115714508038  -2.641852183713  -1.899446855657   0.177650753122 
  0.000810129070   0.014754814522   0.009557082083   0.021847366823  -0.008674586955   0.012474400423   0.343996343245   1.396371590634   1.719131543278   1.233111401596   0.403845420396  -0.302138877791  -0.258900096849   2.330808924910  -0.599283976677  -1.696038217910   0.323244576009  -0.353287947237   4.827093774552   1.933767249163   7.879754973018   4.801806504778  -0.293852190858  -2.726163768417  -0.008794427522   0.113422872551  -0.073289799619  -0.410438192110   0.347331856369   0.222269217885  -1.800058437516   1.025448648718  -3.459613094414  -2.428753839528   0.827344702669   1.303901725668  -0.425714765997   0.688192682634   0.263070348520   0.785236514206  -0.580004844887   1.755087979808 
  0.018389582068   0.003004745738  -0.008916569143  -0.060665976869   0.073907334345  -0.009635969992  -0.761306456570  -1.171079508567  -2.040068086769  -1.470092137021   0.499655100288   0.293652500224   0.600528182657  -0.599283976677   2.531030048558   3.942608948305  -0.606101249145   1.461293088360  -4.817171474984  -1.177908787287  -5.677882030451  -3.025093084260   3.090785986286   2.385130342994  -0.023098881456  -0.073289799619   0.054684753475   0.295568389118  -0.215571691735  -0.077887675868   1.529916811308  -0.929511984741   2.595969075515   1.019189530404  -1.918782603681  -1.088053644083   0.340549640714  -0.535309077759  -0.190155364622  -0.800303666264   0.314441939324  -1.052029966203 
  0.021776022660  -0.014774645336  -0.040659404512  -0.407620697600   0.117664906256   0.214275305037   9.406257661610  -5.506324737335 -15.206090526271  -9.556536957685  -2.989888994172  -3.687928587217  -0.204451350308  -1.696038217910   3.942608948305  23.209992730538  -3.413024030093  -9.564068443500  13.764006093564 -11.649625799407 -48.684187552901 -31.337976014902 -11.176173294822  -6.895409294748  -0.149459709342  -0.410438192110   0.295568389118   2.315343116167  -0.487305059827  -0.774455943529  -6.222835146300   0.861239775612  21.216114430272  17.718062223341   0.323736249022   2.708500357580  -0.291097711273  -0.666465516265  -1.456278967707  -9.229242452945  -0.051883210212   3.728588710336 
 -0.034326997522   0.080484652171  -0.027508302607  -0.226350006424  -0.045029290949   0.185892576396  -7.668917125936   1.517381792385   5.279753908670   3.402763378140   8.537002436255   2.229411719317   2.051880295250   0.323244576009  -0.606101249145  -3.413024030093  24.234071625859   1.340971660440 -21.201443909854   6.143768192580  20.862734646270  21.925859053328  25.943816293633   8.529078749942  -0.104998423451   0.347331856369  -0.215571691735  -0.487305059827  -0.877015286334  -0.427636746307   4.712558959536  -0.918488451638 -10.289189939148 -13.753352274197  -9.187812076674  -4.415916187418   0.329124479766   0.302720783264   0.531368218000  -1.992092549998  -3.734368873813  -0.392317443635 
 -0.007944214998   0.038393989150   0.002857176448   0.130198148871  -0.054889800712  -0.134100205236 -12.746756186400   2.615254199732   7.412065974231   4.195115251331   2.628878303408   5.865652617850  -1.312969700342  -0.353287947237   1.461293088360  -9.564068443500   1.340971660440  16.199531157389 -27.528996209182   8.536953239876  23.622202249831  15.980679495667  11.703349934066  14.777762751355   0.065030984815   0.222269217885  -0.077887675868  -0.774455943529  -0.427636746307   0.099187554048  10.795061338442  -5.440275358837 -10.307555101196 -10.144208222465  -2.924241183071  -6.410255553024   1.552630130726  -1.590752113435   0.978524165484   8.140156052847   2.253418719051  -6.703492141336 
  3.217480530207  -3.371197862724   1.317920630017   7.372564391515  -0.221242635119 -11.700128192014  13.754787853089  -9.830909359575 -26.683198574829   6.006050157987 -14.805869275445 -47.033632890081  -1.932028215934   4.827093774552  -4.817171474984  13.764006093564 -21.201443909854 -27.528996209182 125.781299326847   0.000000000000   0.000000000000 -46.537787392344   0.000000000000   0.000000000000   1.932028215934  -4.827093774552   4.817171474984 -13.764006093564  21.201443909854  27.528996209182  13.754787853089   9.830909359575  26.683198574829   6.006050157987  14.805869275445  47.033632890081  -3.217480530207   3.371197862724  -1.317920630017  -7.372564391515   0.221242635119  11.700128192014 
  0.674246424135  -0.370984645162   0.885187956206   4.444939215964  -0.546885352508  -2.328051998478 -12.797630846469   1.685677076580   0.283279672337  14.014060852288   3.407602764721   0.959523256211  -0.532547841256   1.933767249163  -1.177908787287 -11.649625799407   6.143768192580   8.536953239876   0.000000000000  19.050002824695  38.756298159247   0.000000000000   8.991672946099  14.853237565996  -0.532547841256   1.933767249163  -1.177908787287 -11.649625799407   6.143768192580   8.536953239876  12.797630846469   1.685677076580   0.283279672337 -14.014060852288   3.407602764721   0.959523256211   0.674246424135  -0.370984645162   0.885187956206   4.444939215964  -0.546885352508  -2.328051998478 
  0.779033490560   0.899175267701   2.594377452026  16.346754540021   0.082647195667  -7.843482133734 -35.754412371068  10.325358108699   4.260304505220  51.735357569742  12.952900764443   1.600335413374   0.030387114556   7.879754973018  -5.677882030451 -48.684187552901  20.862734646270  23.622202249831   0.000000000000  38.756298159247 152.048243311220   0.000000000000  31.237728991231  31.459407813157   0.030387114556   7.879754973018  -5.677882030451 -48.684187552901  20.862734646270  23.622202249831  35.754412371068  10.325358108699   4.260304505220 -51.735357569742  12.952900764443   1.600335413374   0.779033490560   0.899175267701   2.594377452026  16.346754540021   0.082647195667  -7.843482133734 
 -0.634474953753  -0.336736276648  -1.634823168728  -9.445409117645   0.570528403574   4.726821472069 -11.048991709566  12.022884776765  52.974402599154  -4.393593484814  15.744994539568  13.401071282080   1.589867915778   4.801806504778  -3.025093084260 -31.337976014902  21.925859053328  15.980679495667 -46.537787392344   0.000000000000   0.000000000000  79.416776560144   0.000000000000   0.000000000000  -1.589867915778  -4.801806504778   3.025093084260  31.337976014902 -21.925859053328 -15.980679495667 -11.048991709566 -12.022884776765 -52.974402599154  -4.393593484814 -15.744994539568 -13.401071282080   0.634474953753   0.336736276648   1.634823168728   9.445409117645  -0.570528403574  -4.726821472069 
  0.364037438353   0.056792366521   0.082146158876  -3.238469352633  -2.815737489941   0.585303149492 -18.825876681650   0.956202375523   0.386984383421  17.366034526181   3.546300913090   1.286101779808   6.774508890293  -0.293852190858   3.090785986286 -11.176173294822  25.943816293633  11.703349934066   0.000000000000   8.991672946099  31.237728991231   0.000000000000  67.193184959149  14.052429186753   6.774508890293  -0.293852190858   3.090785986286 -11.176173294822  25.943816293633  11.703349934066  18.825876681650   0.956202375523   0.386984383421 -17.366034526181   3.546300913090   1.286101779808   0.364037438353   0.056792366521   0.082146158876  -3.238469352633  -2.815737489941   0.585303149492 
  1.866029024663  -1.947956859683   0.674807257581   5.112608156747   0.579784875171  -7.449345030962 -51.216579813772  -9.732247274349   0.063111327042  13.861742048708   4.947563375456  -0.182614127746  -0.456347763573  -2.726163768417   2.385130342994  -6.895409294748   8.529078749942  14.777762751355   0.000000000000  14.853237565996  31.459407813157   0.000000000000  14.052429186753 116.119344282293  -0.456347763573  -2.726163768417   2.385130342994  -6.895409294748   8.529078749942  14.777762751355  51.216579813772  -9.732247274349   0.063111327042 -13.861742048708   4.947563375456  -0.182614127746   1.866029024663  -1.947956859683   0.674807257581   5.112608156747   0.579784875171  -7.449345030962 
  0.132080323705  -0.051727911817  -0.115714508038  -2.641852183713  -1.899446855657   0.177650753122   0.024853724313   0.539314659085   0.139775784641   1.674858104416  -3.106640890506   0.185997548363  -0.029902268878  -0.008794427522  -0.023098881456  -0.149459709342  -0.104998423451   0.065030984815   1.932028215934  -0.532547841256   0.030387114556  -1.589867915778   6.774508890293  -0.456347763573   2.383033868029  -0.258900096849   0.600528182657  -0.204451350308   2.051880295250  -1.312969700342   0.142233794378  -0.601758287997  -0.124521253344   0.211737377788   1.623489220995  -0.565664889559   0.022628803850   0.002039500859   0.008558090534  -0.010927577905   0.030919118960  -0.021506097163 
 -0.425714765997   0.688192682634   0.263070348520   0.785236514206  -0.580004844887   1.755087979808   1.800058437516   1.025448648718  -3.459613094414   2.428753839528   0.827344702669   1.303901725668  -0.008794427522   0.113422872551  -0.073289799619  -0.410438192110   0.347331856369   0.222269217885  -4.827093774552   1.933767249163   7.879754973018  -4.801806504778  -0.293852190858  -2.726163768417  -0.258900096849   2.330808924910  -0.599283976677  -1.696038217910   0.323244576009  -0.353287947237  -0.343996343245   1.396371590634   1.719131543278  -1.233111401596   0.403845420396  -0.302138877791   0.000810129070   0.014754814522   0.009557082083   0.021847366823  -0.008674586955   0.012474400423 
  0.340549640714  -0.535309077759  -0.190155364622  -0.800303666264   0.314441939324  -1.052029966203  -1.529916811308  -0.929511984741   2.595969075515  -1.019189530404  -1.918782603681  -1.088053644083  -0.023098881456  -0.073289799619   0.054684753475   0.295568389118  -0.215571691735  -0.077887675868   4.817171474984  -1.177908787287  -5.677882030451   3.025093084260   3.090785986286   2.385130342994   0.600528182657  -0.599283976677   2.531030048558   3.942608948305  -0.606101249145   1.461293088360   0.761306456570  -1.171079508567  -2.040068086769   1.470092137021   0.499655100288   0.293652500224   0.018389582068   0.003004745738  -0.008916569143  -0.060665976869   0.073907334345  -0.009635969992 
 -0.291097711273  -0.666465516265  -1.456278967707  -9.229242452945  -0.051883210212   3.728588710336   6.222835146300   0.861239775612  21.216114430272 -17.718062223341   0.323736249022   2.708500357580  -0.149459709342  -0.410438192110   0.295568389118   2.315343116167  -0.487305059827  -0.774455943529 -13.764006093564 -11.649625799407 -48.684187552901  31.337976014902 -11.176173294822  -6.895409294748  -0.204451350308  -1.696038217910   3.942608948305  23.209992730538  -3.413024030093  -9.564068443500  -9.406257661610  -5.506324737335 -15.206090526271   9.556536957685  -2.989888994172  -3.687928587217   0.021776022660  -0.014774645336  -0.040659404512  -0.407620697600   0.117664906256   0.214275305037 
  0.329124479766   0.302720783264   0.531368218000  -1.992092549998  -3.734368873813  -0.392317443635  -4.712558959536  -0.918488451638 -10.289189939148  13.753352274197  -9.187812076674  -4.415916187418  -0.104998423451   0.347331856369  -0.215571691735  -0.487305059827  -0.877015286334  -0.427636746307  21.201443909854   6.143768192580  20.862734646270 -21.925859053328  25.943816293633   8.529078749942   2.051880295250   0.323244576009  -0.606101249145  -3.413024030093  24.234071625859   1.340971660440   7.668917125936   1.517381792385   5.279753908670  -3.402763378140   8.537002436255   2.229411719317  -0.034326997522   0.080484652171  -0.027508302607  -0.226350006424  -0.045029290949   0.185892576396 
  1.552630130726  -1.590752113435   0.978524165484   8.140156052847   2.253418719051  -6.703492141336 -10.795061338442  -5.440275358837 -10.307555101196  10.144208222465  -2.924241183071  -6.410255553024   0.065030984815   0.222269217885  -0.077887675868  -0.774455943529  -0.427636746307   0.099187554048  27.528996209182   8.536953239876  23.622202249831 -15.980679495667  11.703349934066  14.777762751355  -1.312969700342  -0.353287947237   1.461293088360  -9.564068443500   1.340971660440  16.199531157389  12.746756186400   2.615254199732   7.412065974231  -4.195115251331   2.628878303408   5.865652617850  -0.007944214998   0.038393989150   0.002857176448   0.130198148871  -0.054889800712  -0.134100205236 
  1.783067771528  -1.630926750788   0.876691993878   4.911883978610  -0.402253367223  -6.915834881543 -30.754436799615  -6.814504655220  -5.167057949532  15.642248010016  -2.353386438241  -4.127954588180  -0.024853724313  -1.800058437516   1.529916811308  -6.222835146300   4.712558959536  10.795061338442  13.754787853089  12.797630846469  35.754412371068 -11.048991709566  18.825876681650  51.216579813772   0.142233794378  -0.343996343245   0.761306456570  -9.406257661610   7.668917125936  12.746756186400  32.795724445124   0.025084982276   2.035986217437 -11.354513133405   0.143358171623   2.411388743027   0.221998793242  -0.097558085722  -0.420854106174   6.951531915450  -4.793382929607  -9.614857275268 
 -0.006818675611   0.335456533408   0.528681836163   2.698458854917  -0.188817380110  -0.158292377725   6.814504655220  -0.779170599881  -8.129790499013   3.904556231135   0.647621089050  -3.152232493059   0.539314659085   1.025448648718  -0.929511984741   0.861239775612  -0.918488451638  -5.440275358837   9.830909359575   1.685677076580  10.325358108699 -12.022884776765   0.956202375523  -9.732247274349  -0.601758287997   1.396371590634  -1.171079508567  -5.506324737335   1.517381792385   2.615254199732   0.025084982276   5.986310949706   6.748208031570  -0.869983815483   1.346027471302   3.270624341614  -0.833340845336   0.893390060457  -0.616120254182  -2.481009719128   1.023272129377   1.553163788035 
  0.378763865049   0.400212477619   1.347447883029   8.532459485287   0.207938025832  -3.868190409815   5.167057949532  -8.129790499013 -37.922001211899   3.155692467945  -6.359904770557  -7.003425806840   0.139775784641  -3.459613094414   2.595969075515  21.216114430272 -10.289189939148 -10.307555101196  26.683198574829   0.283279672337   4.260304505220 -52.974402599154   0.386984383421   0.063111327042  -0.124521253344   1.719131543278  -2.040068086769 -15.206090526271   5.279753908670   7.412065974231   2.035986217437   6.748208031570  34.983084472940  -0.544631023308   5.102001957545   6.998633268301  -0.570815298605   0.470075739468  -1.420160196088 -11.233195028034   3.569800052289   5.289118385300 
 -0.227041578972  -0.336392967643  -0.807956379654  -5.086944650556   0.002170604553   2.325649147279  15.642248010016  -3.904556231135  -3.155692467945 -18.047071179179  -8.979574437294  -2.139599342427  -1.674858104416  -2.428753839528   1.019189530404  17.718062223341 -13.753352274197 -10.144208222465   6.006050157987 -14.014060852288 -51.735357569742  -4.393593484814 -17.366034526181 -13.861742048708   0.211737377788  -1.233111401596   1.470092137021   9.556536957685  -3.402763378140  -4.195115251331 -11.354513133405  -0.869983815483  -0.544631023308  26.302156052493   3.777399156731   0.582107290740  -0.457707281436   0.508780733236  -0.993305084635  -7.447745072345   2.794991731062   3.535002435132 
  0.145987866741   0.077265287758   0.184941853360  -0.135972577947  -1.274102198583  -0.386765039699   2.353386438241   0.647621089050  -6.359904770557   8.979574437294 -12.334201907806  -3.185477820629  -3.106640890506   0.827344702669  -1.918782603681   0.323736249022  -9.187812076674  -2.924241183071  14.805869275445   3.407602764721  12.952900764443 -15.744994539568   3.546300913090   4.947563375456   1.623489220995   0.403845420396   0.499655100288  -2.989888994172   8.537002436255   2.628878303408   0.143358171623   1.346027471302   5.102001957545   3.777399156731  50.784281308571   2.842727263939   1.282607997313   0.037823173492   0.507534229856  -1.456752339265   6.111963784932   1.880902151410 
  0.983167262729  -1.006517086475   0.381410343662   2.467501695872   0.147128331039  -3.542684623707   4.127954588180  -3.152232493059  -7.003425806840   2.139599342427  -3.185477820629 -25.462424616058   0.185997548363   1.303901725668  -1.088053644083   2.708500357580  -4.415916187418  -6.410255553024  47.033632890081   0.959523256211   1.600335413374 -13.401071282080   1.286101779808  -0.182614127746  -0.565664889559  -0.302138877791   0.293652500224  -3.687928587217   2.229411719317   5.865652617850   2.411388743027   3.270624341614   6.998633268301   0.582107290740   2.842727263939  26.807457549614  -0.763326958458   0.169459230315  -0.021882930362  -2.940871710829   1.213258562635   4.576433869744 
  0.014487651413  -0.005659492625  -0.006831084869  -0.072154352337  -0.019368711503   0.002755768057  -1.783067771528  -0.006818675611   0.378763865049   0.227041578972   0.145987866741   0.983167262729   0.132080323705  -0.425714765997   0.340549640714  -0.291097711273   0.329124479766   1.552630130726  -3.217480530207   0.674246424135   0.779033490560   0.634474953753   0.364037438353   1.866029024663   0.022628803850   0.000810129070   0.018389582068   0.021776022660  -0.034326997522  -0.007944214998   0.221998793242  -0.833340845336  -0.570815298605  -0.457707281436   1.282607997313  -0.763326958458   1.744534043433  -0.625444610464   0.620837670414  -0.191846896697   0.752176366452  -0.679696800979 
 -0.005659492625   0.000540333843   0.006065826984   0.068090105399   0.001504566313  -0.032412974976   1.630926750788   0.335456533408   0.400212477619   0.336392967643   0.077265287758  -1.006517086475  -0.051727911817   0.688192682634  -0.535309077759  -0.666465516265   0.302720783264  -1.590752113435   3.371197862724  -0.370984645162   0.899175267701   0.336736276648   0.056792366521  -1.947956859683   0.002039500859   0.014754814522   0.003004745738  -0.014774645336   0.080484652171   0.038393989150  -0.097558085722   0.893390060457   0.470075739468   0.508780733236   0.037823173492   0.169459230315  -0.625444610464   1.219184850980  -0.281357711154  -0.271328444355   0.270318087523   0.027663367248 
 -0.006831084869   0.006065826984   0.000363834752  -0.009410067840  -0.037881208641   0.005176213209  -0.876691993878   0.528681836163   1.347447883029   0.807956379654   0.184941853360   0.381410343662  -0.115714508038   0.263070348520  -0.190155364622  -1.456278967707   0.531368218000   0.978524165484  -1.317920630017   0.885187956206   2.594377452026   1.634823168728   0.082146158876   0.674807257581   0.008558090534   0.009557082083  -0.008916569143  -0.040659404512  -0.027508302607   0.002857176448  -0.420854106174  -0.616120254182  -1.420160196088  -0.993305084635   0.507534229856  -0.021882930362   0.620837670414  -0.281357711154   1.555754970431   1.822881485682  -1.098360493542   1.097144189621 
 -0.072154352337   0.068090105399  -0.009410067840   0.087422574218  -0.101091784686  -0.049621334392  -4.911883978610   2.698458854917   8.532459485287   5.086944650556  -0.135972577947   2.467501695872  -2.641852183713   0.785236514206  -0.800303666264  -9.229242452945  -1.992092549998   8.140156052847  -7.372564391515   4.444939215964  16.346754540021   9.445409117645  -3.238469352633   5.112608156747  -0.010927577905   0.021847366823  -0.060665976869  -0.407620697600  -0.226350006424   0.130198148871   6.951531915450  -2.481009719128 -11.233195028034  -7.447745072345  -1.456752339265  -2.940871710829  -0.191846896697  -0.271328444355   1.822881485682  16.617212060323  -1.528934805728  -6.657991044102 
 -0.019368711503   0.001504566313  -0.037881208641  -0.101091784686  -0.187879703413  -0.109424282538   0.402253367223  -0.188817380110   0.207938025832  -0.002170604553  -1.274102198583   0.147128331039  -1.899446855657  -0.580004844887   0.314441939324  -0.051883210212  -3.734368873813   2.253418719051   0.221242635119  -0.546885352508   0.082647195667  -0.570528403574  -2.815737489941   0.579784875171   0.030919118960  -0.008674586955   0.073907334345   0.117664906256  -0.045029290949  -0.054889800712  -4.793382929607   1.023272129377   3.569800052289   2.794991731062   6.111963784932   1.213258562635   0.752176366452   0.270318087523  -1.098360493542  -1.528934805728  18.110039643928   1.468701780666 
  0.002755768057  -0.032412974976   0.005176213209  -0.049621334392  -0.109424282538   0.044689293332   6.915834881543  -0.158292377725  -3.868190409815  -2.325649147279  -0.386765039699  -3.542684623707   0.177650753122   1.755087979808  -1.052029966203   3.728588710336  -0.392317443635  -6.703492141336  11.700128192014  -2.328051998478  -7.843482133734  -4.726821472069   0.585303149492  -7.449345030962  -0.021506097163   0.012474400423  -0.009635969992   0.214275305037   0.185892576396  -0.134100205236  -9.614857275268   1.553163788035   5.289118385300   3.535002435132   1.880902151410   4.576433869744  -0.679696800979   0.027663367248   1.097144189621  -6.657991044102   1.468701780666  11.237195727916 

  9.008072560953  -0.558946165541  -6.806085109569 -56.572650839191 166.420878877663  20.296152394993 -72.366055016694  -0.259203405978 -13.730638714347  45.745451277256 100.820775583464   7.489104196240  22.198005508135   0.515853076436  -6.189579957577 -85.053010910124 244.959095770985  39.146319733826   0.000000000000 249.272271052275 890.354323403361   0.000000000000 535.264058430027 673.389667327226  22.198005508135   0.515853076436  -6.189579957577 -85.053010910124 244.959095770985  39.146319733826  72.366055016694  -0.259203405978 -13.730638714347 -45.745451277256 100.820775583464   7.489104196240   9.008072560953  -0.558946165541  -6.806085109569 -56.572650839191 166.420878877663  20.296152394993 

GC
  1.702060877757  -0.661986846666   0.489978893311  -0.035098707135   1.028311567383  -0.608741385760   0.076189027292  -0.685732529927  -0.793053568790   0.325520379136   1.604564083615  -0.611469641004   0.023057008967  -0.014760788073   0.021156856857   0.045026192374  -0.131961702664  -0.053072457981   2.548643675235   0.326185127408   0.843037703310  -0.860062748089  -0.122717674457   1.257044002910   0.131643106116  -0.206191693572   0.153567353399  -0.527571622122   0.182886782017   1.077740346074   1.209966200944   0.002273697658   0.645807893590  -0.266896272601  -0.101744319928   0.774206916134  -0.014976927691   0.009098553812  -0.019085105871  -0.037629537013   0.015064071749   0.024709866523 
 -0.661986846666   1.463130519827  -0.135644839369  -0.406712297246  -0.162202268491   0.237756653247  -0.142571161270   0.890450917840   0.939035786487  -0.660340893264  -0.231040781458   0.128843986632   0.001202016786   0.015673625938   0.006479921694  -0.036695389532   0.118449225079   0.076448064472  -2.786930669644  -0.295847667737   0.296191193946   0.135393603239   0.403796993120  -1.578767735010  -0.145090601872   0.329611959660  -0.290649821927  -0.241661596562   0.204233153736  -1.019296736807  -1.205739748625   0.216695051535  -0.036975395135  -0.106626547161   0.197539826169  -0.842645842253   0.009098553812  -0.002155905150   0.000099343836   0.021886346478  -0.014774682424  -0.067517555494 
  0.489978893311  -0.135644839369   1.643129338156   2.094259565746  -0.682146313690   1.599161664365   0.764056276318  -0.587847264421  -1.212781633218   0.745846560496   0.708562623937   0.198849845195  -0.001229111306  -0.005113414223   0.014208291080   0.038115081806  -0.095587714604  -0.011896089885   1.009515135556   0.412693195361   1.474595518543  -1.076518581465  -0.125024089679   0.251750807940  -0.267014326633   0.067063748299  -0.110378619804  -1.026489642032   0.022488018409   1.026073684187   0.526030632173   0.266112959789   0.932668409976  -0.464220180406  -0.029265811039   0.278037295185  -0.019085105871   0.000099343836  -0.011564349539  -0.000927168677  -0.018843877516   0.029019959881 
 -0.035098707135  -0.406712297246   2.094259565746  13.903899858462  -3.211002953872  -4.850122993352  -6.362321042786  -3.180867422411  -8.708939234159   5.806996353243  -1.557052910650  -2.586684120037  -0.035548449977   0.002676429781  -0.034148926945  -0.044945757257   0.175869043590   0.080587625547   7.762230531939   3.008662311924   9.826797829656  -5.420985382752  -2.637751196107   5.501666874181  -2.310548153262  -0.096890843512  -0.089468224435  -5.934233683983  -1.577832384246   7.127813030948   4.635670973366   1.184141462115   5.120145493525  -2.969315907672  -0.359198958654   2.409484905793  -0.037629537013   0.021886346478  -0.000927168677   0.026030346795  -0.095303769650   0.033441860425 
  1.028311567383  -0.162202268491  -0.682146313690  -3.211002953872  12.817830535584   0.790352716104   3.713998360940   0.457022882891   3.311981853080  -2.396455998008   4.557248944297   0.179838023205   0.039553987521  -0.023188033865   0.042879910763   0.322936855021  -0.002504822987  -0.132233784301   1.450053253098  -0.085312774512  -1.600969286562   0.776154583381  -0.611345688106   1.403818672160  -0.805219155939  -0.536447135987   0.544839907183   0.855029499428  -1.332459590161   1.403230789470   0.544021328118  -0.165997158394  -0.554146985063   0.733095695291  -0.125698300151   0.519542151963   0.015064071749  -0.014774682424  -0.018843877516  -0.095303769650  -0.007572853169   0.014781168526 
 -0.608741385760   0.237756653247   1.599161664365  -4.850122993352   0.790352716104  10.132951144451   8.566860643960   1.540077120313   4.268009625065  -2.759551414438   1.144607310405   3.759513121805  -0.046744931444   0.006576616664   0.039939534446   0.249162713098  -0.324013550455  -0.082591616857  -9.531362860684  -1.893087401163  -7.633389386402   3.860452842843   1.551128659753  -7.149311372906  -0.305149659029   0.967753727277  -0.557061378283   3.948165034168  -0.544169681998  -4.489712245170  -5.802744211608   0.012336833847  -3.519134300524   2.375835316165   0.230172173493  -2.646010826946   0.024709866523  -0.067517555494   0.029019959881   0.033441860425   0.014781168526   0.128300224928 
  0.076189027292  -0.142571161270   0.764056276318  -6.362321042786   3.713998360940   8.566860643960  30.152776748711   0.480131436655  -1.973371662770 -10.170357014091  -2.295857841273  -2.640900464772  -0.519020967948  -0.127827000721  -0.170447464550   9.901595311315  -7.941950475949 -11.796628255532  10.201896792140 -12.965400358363 -37.017515529387  -9.177270532920 -16.194565793166 -49.135086893045  -0.083573816524   0.873179322152  -0.789679079011   8.371140599346  -3.705657451547 -10.976402969371 -28.263106842965   6.552454395349   4.739354007785  16.277250940088   1.788028171676   3.145900361900  -1.209966200944   1.205739748625  -0.526030632173  -4.635670973366  -0.544021328118   5.802744211608 
 -0.685732529927   0.890450917840  -0.587847264421  -3.180867422411   0.457022882891   1.540077120313   0.480131436655   5.205436028115   4.656016891453  -0.372894124265  -0.348112211028   4.563881838807  -0.597225757222   0.582706771591  -0.429847139228  -2.602312525146   1.147338919816   1.441426582864 -10.813184613642  -1.478958836365   4.436748039213   6.674858707573   1.063972452452  -9.695089749181   0.611059366830   0.698692001806  -0.574938937558   0.875494455647   0.144657443931  -5.019103707192  -6.552454395349  -0.535569125765  -5.022782682780  -1.693534658797   1.473818254338  -5.688878590185   0.002273697658   0.216695051535   0.266112959789   1.184141462115  -0.165997158394   0.012336833847 
 -0.793053568790   0.939035786487  -1.212781633218  -8.708939234159   3.311981853080   4.268009625065  -1.973371662770   4.656016891453  36.200557616099   1.534226866800  -5.841046893765   7.285648319204  -0.079133702062   0.474903021233  -0.848400473519 -12.383879249607   6.035196464611   6.694297806570 -28.253003120264  -0.221741682107  -0.071209074191  43.652150468519  -0.181939273194   0.019966068030  -0.035942785209  -1.665990576217   1.332968288425  19.361810678896 -11.955250823079  -9.825067236887  -4.739354007785  -5.022782682780 -32.921127483454  -2.154003148943  -4.900704309341  -7.725811928425   0.645807893590  -0.036975395135   0.932668409976   5.120145493525  -0.554146985063  -3.519134300524 
  0.325520379136  -0.660340893264   0.745846560496   5.806996353243  -2.396455998008  -2.759551414438 -10.170357014091  -0.372894124265   1.534226866800  21.651051484639  -9.491465965456  -0.985412146977  -0.233688065718   0.355535021723  -0.565147913826  -7.013846625278   3.629033639145   3.711402822585   5.140985356285   7.478125369812  40.684598219974  -5.387127834982  18.190522543872  15.529515760576   1.970197454515   1.148683348297  -0.285281529528 -15.085048161251  16.022036503068   9.899696257742  16.277250940088   1.693534658797   2.154003148943 -13.356940323818  10.871808026893   1.376701604861   0.266896272601   0.106626547161   0.464220180406   2.969315907672  -0.733095695291  -2.375835316165 
  1.604564083615  -0.231040781458   0.708562623937  -1.557052910650   4.557248944297   1.144607310405  -2.295857841273  -0.348112211028  -5.841046893765  -9.491465965456  74.922762958120   0.953678654417   1.480746580602   0.143366577782   0.202042668243  -3.369122285896   8.052069506723   2.776308016989  -7.836988923973   2.143444304477  14.067452336707  13.285004095718   3.331460215971   5.944717562276  -3.170967203489   0.678866115773  -1.105893448104  -0.409625498928  -9.520494044890  -2.239681056148  -1.788028171676   1.473818254338  -4.900704309341 -10.871808026893 -14.534267816605  -0.202090817435  -0.101744319928   0.197539826169  -0.029265811039  -0.359198958654  -0.125698300151   0.230172173493 
 -0.611469641004   0.128843986632   0.198849845195  -2.586684120037   0.179838023205   3.759513121805  -2.640900464772   4.563881838807   7.285648319204  -0.985412146977   0.953678654417  24.434830217390  -0.441054159616   0.011744439781  -0.038296916243  -3.319443856009   1.606707351241   4.789682858761 -39.081135690652   1.052058805997   0.459155611313  13.009870356589   0.122607523655  -1.407796039412   0.289230476645   0.369786398303  -0.357226802006   3.704501709548  -3.245880125562  -5.523869549081  -3.145900361900  -5.688878590185  -7.725811928425  -1.376701604861  -0.202090817435 -22.856266109675   0.774206916134  -0.842645842253   0.278037295185   2.409484905793   0.519542151963  -2.646010826946 
